18	22070002	22070070	Znf_C2H2	21.0	+	22070002	22070070	83,88,95	1	68	0	PF00096	http://pfam.sanger.ac.uk/family?acc=PF00096
18	22070002	22070070	Znf_C2H2-like	31.2	+	22070002	22070070	83,88,95	1	68	0	SM00355	http://smart.embl-heidelberg.de/smart/do_annotation.pl?DOMAIN=SM00355
18	22070086	22070154	Znf_C2H2-like	25.3	+	22070086	22070154	83,88,95	1	68	0	SM00355	http://smart.embl-heidelberg.de/smart/do_annotation.pl?DOMAIN=SM00355
18	22070258	22070329	Znf_C2H2-like	27.0	+	22070258	22070329	83,88,95	1	71	0	SM00355	http://smart.embl-heidelberg.de/smart/do_annotation.pl?DOMAIN=SM00355
18	22070345	22070575	Znf_C2H2-like	25.8	+	22070345	22070575	83,88,95	2	35,32	0,198	SM00355	http://smart.embl-heidelberg.de/smart/do_annotation.pl?DOMAIN=SM00355
18	22070591	22070659	Znf_C2H2-like	27.1	+	22070591	22070659	83,88,95	1	68	0	SM00355	http://smart.embl-heidelberg.de/smart/do_annotation.pl?DOMAIN=SM00355
18	22070767	22070838	Znf_C2H2-like	20.5	+	22070767	22070838	83,88,95	1	71	0	SM00355	http://smart.embl-heidelberg.de/smart/do_annotation.pl?DOMAIN=SM00355
18	22070857	22071061	Znf_C2H2-like	21.6	+	22070857	22071061	83,88,95	2	48,22	0,182	SM00355	http://smart.embl-heidelberg.de/smart/do_annotation.pl?DOMAIN=SM00355
18	22071080	22071148	Znf_C2H2-like	22.5	+	22071080	22071148	83,88,95	1	68	0	SM00355	http://smart.embl-heidelberg.de/smart/do_annotation.pl?DOMAIN=SM00355
18	22071164	22071331	Znf_C2H2-like	23.0	+	22071164	22071331	83,88,95	2	35,32	0,135	SM00355	http://smart.embl-heidelberg.de/smart/do_annotation.pl?DOMAIN=SM00355
18	22071347	22071418	Znf_C2H2-like	23.5	+	22071347	22071418	83,88,95	1	71	0	SM00355	http://smart.embl-heidelberg.de/smart/do_annotation.pl?DOMAIN=SM00355
18	22071443	22071596	Znf_C2H2-like	12.3	+	22071443	22071596	83,88,95	2	38,23	0,130	SM00355	http://smart.embl-heidelberg.de/smart/do_annotation.pl?DOMAIN=SM00355
18	22070002	22070085	Znf_C2H2	13.464	+	22070002	22070085	83,88,95	1	83	0	PS50157	http://www.expasy.ch/prosite/PS50157
18	22070086	22070257	Znf_C2H2	14.399000000000001	+	22070086	22070257	83,88,95	2	72,10	0,161	PS50157	http://www.expasy.ch/prosite/PS50157
18	22070258	22070344	Znf_C2H2	13.817	+	22070258	22070344	83,88,95	1	86	0	PS50157	http://www.expasy.ch/prosite/PS50157
18	22070345	22070590	Znf_C2H2	13.879000000000001	+	22070345	22070590	83,88,95	2	35,47	0,198	PS50157	http://www.expasy.ch/prosite/PS50157
18	22070591	22070766	Znf_C2H2	13.857999999999999	+	22070591	22070766	83,88,95	2	72,10	0,165	PS50157	http://www.expasy.ch/prosite/PS50157
18	22070767	22070853	Znf_C2H2	9.12	+	22070767	22070853	83,88,95	1	86	0	PS50157	http://www.expasy.ch/prosite/PS50157
18	22070857	22071076	Znf_C2H2	8.871	+	22070857	22071076	83,88,95	2	48,37	0,182	PS50157	http://www.expasy.ch/prosite/PS50157
18	22071080	22071163	Znf_C2H2	11.115	+	22071080	22071163	83,88,95	1	83	0	PS50157	http://www.expasy.ch/prosite/PS50157
18	22071164	22071346	Znf_C2H2	13.9	+	22071164	22071346	83,88,95	2	35,47	0,135	PS50157	http://www.expasy.ch/prosite/PS50157
18	22071347	22071418	Znf_C2H2	11.011	+	22071347	22071418	83,88,95	1	71	0	PS50157	http://www.expasy.ch/prosite/PS50157
18	22071443	22071617	Znf_C2H2	10.741	+	22071443	22071617	83,88,95	2	38,44	0,130	PS50157	http://www.expasy.ch/prosite/PS50157
