4	32145050	32145118	Znf_C2H2	21.7	+	32145050	32145118	83,88,95	1	68	0	PF00096	http://pfam.sanger.ac.uk/family?acc=PF00096
4	32145218	32145286	Znf_C2H2	23.0	+	32145218	32145286	83,88,95	1	68	0	PF00096	http://pfam.sanger.ac.uk/family?acc=PF00096
4	32145386	32145454	Znf_C2H2	24.9	+	32145386	32145454	83,88,95	1	68	0	PF00096	http://pfam.sanger.ac.uk/family?acc=PF00096
4	32145554	32145622	Znf_C2H2	26.0	+	32145554	32145622	83,88,95	1	68	0	PF00096	http://pfam.sanger.ac.uk/family?acc=PF00096
4	32145638	32145706	Znf_C2H2	30.9	+	32145638	32145706	83,88,95	1	68	0	PF00096	http://pfam.sanger.ac.uk/family?acc=PF00096
4	32145638	32145706	Znf_C2H2-like	33.6	+	32145638	32145706	83,88,95	1	68	0	SM00355	http://smart.embl-heidelberg.de/smart/do_annotation.pl?DOMAIN=SM00355
4	32145554	32145622	Znf_C2H2-like	30.2	+	32145554	32145622	83,88,95	1	68	0	SM00355	http://smart.embl-heidelberg.de/smart/do_annotation.pl?DOMAIN=SM00355
4	32145386	32145454	Znf_C2H2-like	33.7	+	32145386	32145454	83,88,95	1	68	0	SM00355	http://smart.embl-heidelberg.de/smart/do_annotation.pl?DOMAIN=SM00355
4	32145470	32145538	Znf_C2H2-like	30.0	+	32145470	32145538	83,88,95	1	68	0	SM00355	http://smart.embl-heidelberg.de/smart/do_annotation.pl?DOMAIN=SM00355
4	32145302	32145370	Znf_C2H2-like	20.5	+	32145302	32145370	83,88,95	1	68	0	SM00355	http://smart.embl-heidelberg.de/smart/do_annotation.pl?DOMAIN=SM00355
4	32145218	32145286	Znf_C2H2-like	29.5	+	32145218	32145286	83,88,95	1	68	0	SM00355	http://smart.embl-heidelberg.de/smart/do_annotation.pl?DOMAIN=SM00355
4	32145050	32145118	Znf_C2H2-like	29.5	+	32145050	32145118	83,88,95	1	68	0	SM00355	http://smart.embl-heidelberg.de/smart/do_annotation.pl?DOMAIN=SM00355
4	32145134	32145202	Znf_C2H2-like	27.9	+	32145134	32145202	83,88,95	1	68	0	SM00355	http://smart.embl-heidelberg.de/smart/do_annotation.pl?DOMAIN=SM00355
4	32144966	32145034	Znf_C2H2-like	26.8	+	32144966	32145034	83,88,95	1	68	0	SM00355	http://smart.embl-heidelberg.de/smart/do_annotation.pl?DOMAIN=SM00355
4	32144960	32145049	Znf_C2H2	15.437999999999999	+	32144960	32145049	83,88,95	1	89	0	PS50157	http://www.expasy.ch/prosite/PS50157
4	32145050	32145133	Znf_C2H2	17.703	+	32145050	32145133	83,88,95	1	83	0	PS50157	http://www.expasy.ch/prosite/PS50157
4	32145134	32145217	Znf_C2H2	17.246	+	32145134	32145217	83,88,95	1	83	0	PS50157	http://www.expasy.ch/prosite/PS50157
4	32145218	32145301	Znf_C2H2	18.223	+	32145218	32145301	83,88,95	1	83	0	PS50157	http://www.expasy.ch/prosite/PS50157
4	32145302	32145385	Znf_C2H2	16.519000000000002	+	32145302	32145385	83,88,95	1	83	0	PS50157	http://www.expasy.ch/prosite/PS50157
4	32145386	32145469	Znf_C2H2	18.244	+	32145386	32145469	83,88,95	1	83	0	PS50157	http://www.expasy.ch/prosite/PS50157
4	32145470	32145553	Znf_C2H2	16.249000000000002	+	32145470	32145553	83,88,95	1	83	0	PS50157	http://www.expasy.ch/prosite/PS50157
4	32145554	32145637	Znf_C2H2	18.452	+	32145554	32145637	83,88,95	1	83	0	PS50157	http://www.expasy.ch/prosite/PS50157
4	32145638	32145721	Znf_C2H2	18.493	+	32145638	32145721	83,88,95	1	83	0	PS50157	http://www.expasy.ch/prosite/PS50157
