### ENSDARG00000091688 ###
## ENSDARE00000966389 75 1 0 ##
#	ATTGATCATAAAAGTAATTT	TGG	81.875	[49, 42, 45, 5]
3	9554489	9554508	ATTGATCATAAAAGTAATTT	0.12843	-	9554488	9554508	255,0,0
## ENSDARE00000895241 1744 1 0 ##
#	ACCTAATTGAAGAGAATGAG	AGG	181.25	[90, 132, 96, 10]
3	9554805	9554824	ACCTAATTGAAGAGAATGAG	0.32004	+	9554804	9554824	255,0,0
#	TGAAGAGAATGAGAGGAAAG	AGG	32.5	[31, 2, 2, 0]
3	9554812	9554831	TGAAGAGAATGAGAGGAAAG	0.21733	+	9554811	9554831	255,0,0
#	AGAGAATGAGAGGAAAGAGG	AGG	35.125	[31, 2, 6, 13]
3	9554815	9554834	AGAGAATGAGAGGAAAGAGG	0.0478	+	9554814	9554834	255,0,0
#	GGAACATCATGTCAAAATTG	AGG	434.125	[335, 170, 55, 3]
3	9554836	9554855	GGAACATCATGTCAAAATTG	0.34395	+	9554835	9554855	255,0,0
#	AAAACTCATTTACAGACTGA	TGG	262.75	[171, 136, 92, 6]
3	9554861	9554880	AAAACTCATTTACAGACTGA	0.158	+	9554860	9554880	255,0,0
#	AGACTGATGGTATTTTGAAA	AGG	269.5	[170, 167, 64, 0]
3	9554874	9554893	AGACTGATGGTATTTTGAAA	0.11706	+	9554873	9554893	255,0,0
#	TGTTTCACCTGCACTCAGTG	TGG	317.125	[69, 315, 276, 173]
3	9554909	9554928	TGTTTCACCTGCACTCAGTG	0.17875	+	9554908	9554928	255,0,0
#	CACTCAGTGTGGAAAGATTT	TGG	109.625	[37, 103, 80, 9]
3	9554920	9554939	CACTCAGTGTGGAAAGATTT	0.38442	+	9554919	9554939	255,0,0
#	ATTCACATGATAATCCACAC	TGG	276.0	[32, 138, 455, 490]
3	9554963	9554982	ATTCACATGATAATCCACAC	0.30209	+	9554962	9554982	255,0,0
#	CCATTCACATGCACTCAGTG	TGG	3116.25	[1788, 1837, 1332, 614]
3	9554993	9555012	CCATTCACATGCACTCAGTG	0.24046	+	9554992	9555012	255,0,0
#	CATTCACATGCACTCAGTGT	GGG	2861.5	[1669, 1691, 1212, 352]
3	9554994	9555013	CATTCACATGCACTCAGTGT	0.24025	+	9554993	9555013	255,0,0
#	CATCACTTAATAAACACATG	AGG	246.375	[62, 71, 345, 501]
3	9555036	9555055	CATCACTTAATAAACACATG	0.22355	+	9555035	9555055	255,0,0
#	AAACACATGAGGATCCACAC	TGG	1821.25	[397, 1123, 2515, 1872]
3	9555047	9555066	AAACACATGAGGATCCACAC	0.42803	+	9555046	9555066	255,0,0
3	9555077	9555096	CCATTCACATGCACTCAGTG	0.24046	+	9555076	9555096	255,0,0
#	CATACCTTAAACAACACATG	AGG	290.875	[28, 82, 482, 811]
3	9555120	9555139	CATACCTTAAACAACACATG	0.38347	+	9555119	9555139	255,0,0
#	CAACACATGAGGATCCACAC	TGG	1989.75	[486, 1749, 1742, 1550]
3	9555131	9555150	CAACACATGAGGATCCACAC	0.42803	+	9555130	9555150	255,0,0
#	CCATTCACTTGCACTCAGTG	TGG	1827.875	[160, 2198, 1801, 949]
3	9555161	9555180	CCATTCACTTGCACTCAGTG	0.24046	+	9555160	9555180	255,0,0
#	CATTCACTTGCACTCAGTGT	GGG	1668.75	[150, 2049, 1628, 698]
3	9555162	9555181	CATTCACTTGCACTCAGTGT	0.24025	+	9555161	9555181	255,0,0
#	TCACTTGCACTCAGTGTGGG	AGG	84.375	[13, 83, 103, 33]
3	9555165	9555184	TCACTTGCACTCAGTGTGGG	0.04819	+	9555164	9555184	255,0,0
#	CACACCTTAATCACCACATG	AGG	329.25	[37, 195, 641, 276]
3	9555204	9555223	CACACCTTAATCACCACATG	0.47499	+	9555203	9555223	255,0,0
#	CACCACATGAGGATCCACAC	TGG	1259.75	[180, 681, 1833, 2248]
3	9555215	9555234	CACCACATGAGGATCCACAC	0.55135	+	9555214	9555234	255,0,0
#	CCATTTACTTGCACTCAGTG	TGG	1106.25	[190, 389, 2187, 1400]
3	9555245	9555264	CCATTTACTTGCACTCAGTG	0.33391	+	9555244	9555264	255,0,0
#	CATTTACTTGCACTCAGTGT	GGG	1040.375	[190, 394, 2007, 1213]
3	9555246	9555265	CATTTACTTGCACTCAGTGT	0.2401	+	9555245	9555265	255,0,0
#	CAAACCTTGATCAACACATA	AGG	112.75	[30, 9, 152, 322]
3	9555288	9555307	CAAACCTTGATCAACACATA	0.4058	+	9555287	9555307	255,0,0
#	CAACACATAAGGATCCACAC	TGG	968.625	[86, 563, 1745, 1319]
3	9555299	9555318	CAACACATAAGGATCCACAC	0.3793	+	9555298	9555318	255,0,0
#	CCAATAACGTGCACTCTATG	TGG	31.0	[5, 24, 56, 0]
3	9555329	9555348	CCAATAACGTGCACTCTATG	0.15857	+	9555328	9555348	255,0,0
#	CAATAACGTGCACTCTATGT	GGG	30.75	[5, 24, 55, 0]
3	9555330	9555349	CAATAACGTGCACTCTATGT	0.14659	+	9555329	9555349	255,0,0
#	CATCCCTTTCTAAACACATG	AGG	101.25	[29, 52, 92, 186]
3	9555372	9555391	CATCCCTTTCTAAACACATG	0.26084	+	9555371	9555391	255,0,0
#	AAACACATGAGGACCCACAC	TGG	798.625	[56, 528, 1208, 1413]
3	9555383	9555402	AAACACATGAGGACCCACAC	0.4782	+	9555382	9555402	255,0,0
3	9555413	9555432	CCATTTACTTGCACTCAGTG	0.33391	+	9555412	9555432	255,0,0
3	9555414	9555433	CATTTACTTGCACTCAGTGT	0.2401	+	9555413	9555433	255,0,0
#	CAAACTTTAATCTACACATG	AGG	257.75	[60, 84, 350, 546]
3	9555456	9555475	CAAACTTTAATCTACACATG	0.24979	+	9555455	9555475	255,0,0
#	CTACACATGAGGATCCACAC	TGG	1621.25	[379, 1031, 1965, 1884]
3	9555467	9555486	CTACACATGAGGATCCACAC	0.42803	+	9555466	9555486	255,0,0
#	CCATTTACGTGCACTCAGTG	TGG	979.0	[31, 422, 2260, 1376]
3	9555497	9555516	CCATTTACGTGCACTCAGTG	0.38039	+	9555496	9555516	255,0,0
#	CATTTACGTGCACTCAGTGT	GGG	925.625	[33, 429, 2089, 1247]
3	9555498	9555517	CATTTACGTGCACTCAGTGT	0.27898	+	9555497	9555517	255,0,0
3	9555540	9555559	CATCACTTAATAAACACATG	0.22355	+	9555539	9555559	255,0,0
3	9555551	9555570	AAACACATGAGGACCCACAC	0.4782	+	9555550	9555570	255,0,0
3	9555581	9555600	CCATTTACTTGCACTCAGTG	0.33391	+	9555580	9555600	255,0,0
3	9555582	9555601	CATTTACTTGCACTCAGTGT	0.2401	+	9555581	9555601	255,0,0
#	CACACCTTAATCAAGACAAA	AGG	27.5	[1, 0, 33, 146]
3	9555624	9555643	CACACCTTAATCAAGACAAA	0.53766	+	9555623	9555643	255,0,0
#	CAAGACAAAAGGATCCACAC	TGG	94.125	[1, 0, 99, 547]
3	9555635	9555654	CAAGACAAAAGGATCCACAC	0.40327	+	9555634	9555654	255,0,0
#	CCAATAACGTGCACTCAGTG	TGG	400.375	[56, 31, 100, 2431]
3	9555665	9555684	CCAATAACGTGCACTCAGTG	0.11436	+	9555664	9555684	255,0,0
#	CAATAACGTGCACTCAGTGT	GGG	380.625	[55, 29, 94, 2301]
3	9555666	9555685	CAATAACGTGCACTCAGTGT	0.21868	+	9555665	9555685	255,0,0
#	CATCCCTTTATAGACACATG	AGG	116.375	[4, 54, 178, 327]
3	9555708	9555727	CATCCCTTTATAGACACATG	0.26084	+	9555707	9555727	255,0,0
#	AGACACATGAGGATCCACAC	TGG	1224.125	[40, 746, 2104, 2281]
3	9555719	9555738	AGACACATGAGGATCCACAC	0.36233	+	9555718	9555738	255,0,0
3	9555749	9555768	CCATTCACATGCACTCAGTG	0.24046	+	9555748	9555768	255,0,0
3	9555750	9555769	CATTCACATGCACTCAGTGT	0.24025	+	9555749	9555769	255,0,0
3	9555792	9555811	CAAACTTTAATCTACACATG	0.24979	+	9555791	9555811	255,0,0
3	9555803	9555822	CTACACATGAGGATCCACAC	0.42803	+	9555802	9555822	255,0,0
3	9555833	9555852	CCAATAACGTGCACTCAGTG	0.11436	+	9555832	9555852	255,0,0
3	9555834	9555853	CAATAACGTGCACTCAGTGT	0.21868	+	9555833	9555853	255,0,0
#	CATCCCTTTATAAACACATG	AGG	257.75	[52, 111, 353, 496]
3	9555876	9555895	CATCCCTTTATAAACACATG	0.2237	+	9555875	9555895	255,0,0
3	9555887	9555906	AAACACATGAGGATCCACAC	0.42803	+	9555886	9555906	255,0,0
3	9555917	9555936	CCATTCACATGCACTCAGTG	0.24046	+	9555916	9555936	255,0,0
3	9555918	9555937	CATTCACATGCACTCAGTGT	0.24025	+	9555917	9555937	255,0,0
#	CGACACATGATGATCCACAC	TGG	980.5	[68, 478, 1634, 2120]
3	9555971	9555990	CGACACATGATGATCCACAC	0.31694	+	9555970	9555990	255,0,0
#	CCATTCACATGCAATCAGTG	TGG	1478.25	[22, 1903, 1809, 420]
3	9556001	9556020	CCATTCACATGCAATCAGTG	0.20541	+	9556000	9556020	255,0,0
#	CATTCACATGCAATCAGTGT	GGG	1375.375	[27, 1774, 1655, 381]
3	9556002	9556021	CATTCACATGCAATCAGTGT	0.20523	+	9556001	9556021	255,0,0
3	9556055	9556074	CGACACATGATGATCCACAC	0.31694	+	9556054	9556074	255,0,0
#	CATCGCTTTACAGACACATG	AGG	21.625	[9, 3, 13, 63]
3	9556128	9556147	CATCGCTTTACAGACACATG	0.47722	+	9556127	9556147	255,0,0
3	9556139	9556158	AGACACATGAGGATCCACAC	0.36233	+	9556138	9556158	255,0,0
3	9556169	9556188	CCATTCACATGCACTCAGTG	0.24046	+	9556168	9556188	255,0,0
3	9556170	9556189	CATTCACATGCACTCAGTGT	0.24025	+	9556169	9556189	255,0,0
#	CTACACATGATGATCCACAC	TGG	1141.5	[91, 755, 1562, 2260]
3	9556223	9556242	CTACACATGATGATCCACAC	0.3793	+	9556222	9556242	255,0,0
#	CCATTCAAATGCACTCAGTG	TGG	1590.25	[41, 1921, 1855, 1000]
3	9556253	9556272	CCATTCAAATGCACTCAGTG	0.20541	+	9556252	9556272	255,0,0
#	CATTCAAATGCACTCAGTGT	GGG	1483.625	[46, 1810, 1686, 889]
3	9556254	9556273	CATTCAAATGCACTCAGTGT	0.19037	+	9556253	9556273	255,0,0
#	CAACACATCATGATCCACAC	TGG	660.5	[26, 238, 1091, 1942]
3	9556307	9556326	CAACACATCATGATCCACAC	0.3793	+	9556306	9556326	255,0,0
#	CCATTCAAATGTACTCAGTG	TGG	827.25	[3, 158, 2107, 1748]
3	9556337	9556356	CCATTCAAATGTACTCAGTG	0.30024	+	9556336	9556356	255,0,0
#	CATTCAAATGTACTCAGTGT	GGG	751.125	[3, 132, 1956, 1545]
3	9556338	9556357	CATTCAAATGTACTCAGTGT	0.16108	+	9556337	9556357	255,0,0
#	CAACACATGATGATCCACAC	TGG	1446.375	[173, 999, 2272, 1647]
3	9556391	9556410	CAACACATGATGATCCACAC	0.3793	+	9556390	9556410	255,0,0
#	CCATTCACATGCCCTAAGTG	TGG	695.5	[13, 160, 2052, 716]
3	9556421	9556440	CCATTCACATGCCCTAAGTG	0.31897	+	9556420	9556440	255,0,0
#	CATTCACATGCCCTAAGTGT	GGG	652.25	[13, 143, 1905, 732]
3	9556422	9556441	CATTCACATGCCCTAAGTGT	0.35755	+	9556421	9556441	255,0,0
#	CTAAGTGTGGGAAGAGTTTC	AGG	48.75	[8, 53, 42, 30]
3	9556434	9556453	CTAAGTGTGGGAAGAGTTTC	0.61242	+	9556433	9556453	255,0,0
#	GAACACATGATGATCCACAC	CGG	1048.125	[52, 506, 1788, 2369]
3	9556475	9556494	GAACACATGATGATCCACAC	0.3793	+	9556474	9556494	255,0,0
#	TCCTCTCATTCTCTTCAATT	AGG	124.0	[34, 77, 165, 82]
3	9554809	9554828	TCCTCTCATTCTCTTCAATT	0.31736	-	9554808	9554828	255,0,0
#	AATCTTTCCACACTGAGTGC	AGG	309.875	[34, 361, 276, 211]
3	9554919	9554938	AATCTTTCCACACTGAGTGC	0.43111	-	9554918	9554938	255,0,0
#	TGAATGGTTTCTCTCCAGTG	TGG	3726.875	[2451, 1878, 1100, 495]
3	9554980	9554999	TGAATGGTTTCTCTCCAGTG	0.19237	-	9554979	9554999	255,0,0
#	CCACACTGAGTGCATGTGAA	TGG	3246.0	[1851, 1940, 1383, 634]
3	9554996	9555015	CCACACTGAGTGCATGTGAA	0.16973	-	9554995	9555015	255,0,0
#	TATTAAGTGATGATGCTTGG	CGG	60.75	[54, 13, 1, 0]
3	9555028	9555047	TATTAAGTGATGATGCTTGG	0.17218	-	9555027	9555047	255,0,0
#	GTTTATTAAGTGATGATGCT	TGG	90.375	[58, 12, 66, 79]
3	9555031	9555050	GTTTATTAAGTGATGATGCT	0.10145	-	9555030	9555050	255,0,0
3	9555064	9555083	TGAATGGTTTCTCTCCAGTG	0.19237	-	9555063	9555083	255,0,0
3	9555080	9555099	CCACACTGAGTGCATGTGAA	0.16973	-	9555079	9555099	255,0,0
#	GGATCCTCATGTGTTGTTTA	AGG	649.875	[35, 374, 1350, 723]
3	9555127	9555146	GGATCCTCATGTGTTGTTTA	0.28586	-	9555126	9555146	255,0,0
3	9555148	9555167	TGAATGGTTTCTCTCCAGTG	0.19237	-	9555147	9555167	255,0,0
#	CCACACTGAGTGCAAGTGAA	TGG	1872.125	[166, 2289, 1925, 643]
3	9555164	9555183	CCACACTGAGTGCAAGTGAA	0.1821	-	9555163	9555183	255,0,0
#	GGTGATTAAGGTGTGATGAG	CGG	190.125	[13, 109, 274, 433]
3	9555199	9555218	GGTGATTAAGGTGTGATGAG	0.07516	-	9555198	9555218	255,0,0
#	GGATCCTCATGTGGTGATTA	AGG	853.0	[145, 508, 1283, 1066]
3	9555211	9555230	GGATCCTCATGTGGTGATTA	0.27888	-	9555210	9555230	255,0,0
#	CTCCAGTGTGGATCCTCATG	TGG	592.75	[245, 386, 444, 350]
3	9555220	9555239	CTCCAGTGTGGATCCTCATG	0.28508	-	9555219	9555239	255,0,0
#	TAAATGGTTTCTCTCCAGTG	TGG	2249.0	[401, 2674, 1645, 798]
3	9555232	9555251	TAAATGGTTTCTCTCCAGTG	0.23879	-	9555231	9555251	255,0,0
#	CCACACTGAGTGCAAGTAAA	TGG	1168.375	[194, 441, 2286, 1459]
3	9555248	9555267	CCACACTGAGTGCAAGTAAA	0.4431	-	9555247	9555267	255,0,0
#	GTTGATCAAGGTTTGATGAG	CGG	153.75	[30, 36, 241, 364]
3	9555283	9555302	GTTGATCAAGGTTTGATGAG	0.05036	-	9555282	9555302	255,0,0
#	GGATCCTTATGTGTTGATCA	AGG	262.625	[39, 48, 491, 615]
3	9555295	9555314	GGATCCTTATGTGTTGATCA	0.20984	-	9555294	9555314	255,0,0
#	TTATTGGTTTCTCTCCAGTG	TGG	1013.625	[88, 36, 2889, 1483]
3	9555316	9555335	TTATTGGTTTCTCTCCAGTG	0.23879	-	9555315	9555335	255,0,0
#	CCACATAGAGTGCACGTTAT	TGG	31.75	[5, 24, 56, 6]
3	9555332	9555351	CCACATAGAGTGCACGTTAT	0.56959	-	9555331	9555351	255,0,0
#	GTTTAGAAAGGGATGATGAT	TGG	95.875	[29, 43, 83, 197]
3	9555367	9555386	GTTTAGAAAGGGATGATGAT	0.22344	-	9555366	9555386	255,0,0
#	GGTCCTCATGTGTTTAGAAA	GGG	50.125	[26, 3, 55, 71]
3	9555378	9555397	GGTCCTCATGTGTTTAGAAA	0.11526	-	9555377	9555397	255,0,0
#	GGGTCCTCATGTGTTTAGAA	AGG	79.25	[27, 5, 67, 264]
3	9555379	9555398	GGGTCCTCATGTGTTTAGAA	0.22563	-	9555378	9555398	255,0,0
#	AAATGGTTTCTCTCCAGTGT	GGG	157.25	[74, 94, 119, 52]
3	9555399	9555418	AAATGGTTTCTCTCCAGTGT	0.53579	-	9555398	9555418	255,0,0
3	9555400	9555419	TAAATGGTTTCTCTCCAGTG	0.23879	-	9555399	9555419	255,0,0
3	9555416	9555435	CCACACTGAGTGCAAGTAAA	0.4431	-	9555415	9555435	255,0,0
#	GTAGATTAAAGTTTGATGAT	TGG	204.75	[63, 63, 283, 316]
3	9555451	9555470	GTAGATTAAAGTTTGATGAT	0.05928	-	9555450	9555470	255,0,0
3	9555484	9555503	TAAATGGTTTCTCTCCAGTG	0.23879	-	9555483	9555503	255,0,0
#	CCACACTGAGTGCACGTAAA	TGG	1048.875	[31, 458, 2398, 1515]
3	9555500	9555519	CCACACTGAGTGCACGTAAA	0.46875	-	9555499	9555519	255,0,0
3	9555532	9555551	TATTAAGTGATGATGCTTGG	0.17218	-	9555531	9555551	255,0,0
3	9555535	9555554	GTTTATTAAGTGATGATGCT	0.10145	-	9555534	9555554	255,0,0
3	9555567	9555586	AAATGGTTTCTCTCCAGTGT	0.53579	-	9555566	9555586	255,0,0
3	9555568	9555587	TAAATGGTTTCTCTCCAGTG	0.23879	-	9555567	9555587	255,0,0
3	9555584	9555603	CCACACTGAGTGCAAGTAAA	0.4431	-	9555583	9555603	255,0,0
#	CTTGATTAAGGTGTGATGAG	CGG	148.0	[1, 88, 214, 396]
3	9555619	9555638	CTTGATTAAGGTGTGATGAG	0.16676	-	9555618	9555638	255,0,0
#	GGATCCTTTTGTCTTGATTA	AGG	22.625	[1, 0, 47, 79]
3	9555631	9555650	GGATCCTTTTGTCTTGATTA	0.37182	-	9555630	9555650	255,0,0
3	9555652	9555671	TTATTGGTTTCTCTCCAGTG	0.23879	-	9555651	9555671	255,0,0
#	CCACACTGAGTGCACGTTAT	TGG	328.75	[56, 30, 105, 1852]
3	9555668	9555687	CCACACTGAGTGCACGTTAT	0.45526	-	9555667	9555687	255,0,0
#	GTCTATAAAGGGATGATGAT	TGG	107.75	[4, 56, 142, 322]
3	9555703	9555722	GTCTATAAAGGGATGATGAT	0.37389	-	9555702	9555722	255,0,0
#	GATCCTCATGTGTCTATAAA	GGG	98.25	[4, 57, 189, 148]
3	9555714	9555733	GATCCTCATGTGTCTATAAA	0.27659	-	9555713	9555733	255,0,0
#	GGATCCTCATGTGTCTATAA	AGG	305.375	[18, 63, 527, 993]
3	9555715	9555734	GGATCCTCATGTGTCTATAA	0.29054	-	9555714	9555734	255,0,0
3	9555736	9555755	TGAATGGTTTCTCTCCAGTG	0.19237	-	9555735	9555755	255,0,0
3	9555752	9555771	CCACACTGAGTGCATGTGAA	0.16973	-	9555751	9555771	255,0,0
3	9555787	9555806	GTAGATTAAAGTTTGATGAT	0.05928	-	9555786	9555806	255,0,0
3	9555820	9555839	TTATTGGTTTCTCTCCAGTG	0.23879	-	9555819	9555839	255,0,0
3	9555836	9555855	CCACACTGAGTGCACGTTAT	0.45526	-	9555835	9555855	255,0,0
#	GTTTATAAAGGGATGATGAT	TGG	222.375	[43, 105, 236, 543]
3	9555871	9555890	GTTTATAAAGGGATGATGAT	0.33454	-	9555870	9555890	255,0,0
#	GATCCTCATGTGTTTATAAA	GGG	181.875	[55, 113, 236, 91]
3	9555882	9555901	GATCCTCATGTGTTTATAAA	0.23793	-	9555881	9555901	255,0,0
#	GGATCCTCATGTGTTTATAA	AGG	552.5	[55, 327, 836, 1000]
3	9555883	9555902	GGATCCTCATGTGTTTATAA	0.25321	-	9555882	9555902	255,0,0
3	9555904	9555923	TGAATGGTTTCTCTCCAGTG	0.19237	-	9555903	9555923	255,0,0
3	9555920	9555939	CCACACTGAGTGCATGTGAA	0.16973	-	9555919	9555939	255,0,0
#	GTCGATTAAGGTGTGATAAT	CGG	123.875	[6, 39, 244, 299]
3	9555955	9555974	GTCGATTAAGGTGTGATAAT	0.49935	-	9555954	9555974	255,0,0
#	GGATCATCATGTGTCGATTA	AGG	680.0	[40, 337, 1177, 1418]
3	9555967	9555986	GGATCATCATGTGTCGATTA	0.29032	-	9555966	9555986	255,0,0
3	9555988	9556007	TGAATGGTTTCTCTCCAGTG	0.19237	-	9555987	9556007	255,0,0
#	CCACACTGATTGCATGTGAA	TGG	1646.25	[22, 1969, 1944, 1230]
3	9556004	9556023	CCACACTGATTGCATGTGAA	0.14305	-	9556003	9556023	255,0,0
#	GTCGAATAAGGTGTGATAAT	CGG	41.75	[6, 6, 33, 196]
3	9556039	9556058	GTCGAATAAGGTGTGATAAT	0.50846	-	9556038	9556058	255,0,0
#	GGATCATCATGTGTCGAATA	AGG	186.75	[7, 50, 376, 486]
3	9556051	9556070	GGATCATCATGTGTCGAATA	0.29032	-	9556050	9556070	255,0,0
3	9556072	9556091	TGAATGGTTTCTCTCCAGTG	0.19237	-	9556071	9556091	255,0,0
#	CTACACTGAGAGCATGTGAA	TGG	792.75	[6, 99, 2213, 1472]
3	9556088	9556107	CTACACTGAGAGCATGTGAA	0.16973	-	9556087	9556107	255,0,0
#	TGAATGGTTTTTCTCCAGTG	TGG	1995.5	[148, 2599, 1844, 696]
3	9556156	9556175	TGAATGGTTTTTCTCCAGTG	0.16283	-	9556155	9556175	255,0,0
3	9556172	9556191	CCACACTGAGTGCATGTGAA	0.16973	-	9556171	9556191	255,0,0
#	GTAGATTAAGATTTGATGAT	TGG	148.5	[18, 65, 266, 252]
3	9556207	9556226	GTAGATTAAGATTTGATGAT	0.05928	-	9556206	9556226	255,0,0
3	9556240	9556259	TGAATGGTTTCTCTCCAGTG	0.19237	-	9556239	9556259	255,0,0
#	CCACACTGAGTGCATTTGAA	TGG	1617.5	[41, 2004, 1953, 690]
3	9556256	9556275	CCACACTGAGTGCATTTGAA	0.11144	-	9556255	9556275	255,0,0
#	GTTGATTAAGGTGTGATGAT	TGG	497.875	[96, 380, 600, 495]
3	9556291	9556310	GTTGATTAAGGTGTGATGAT	0.19026	-	9556290	9556310	255,0,0
#	GGATCATGATGTGTTGATTA	AGG	515.875	[24, 197, 746, 1655]
3	9556303	9556322	GGATCATGATGTGTTGATTA	0.253	-	9556302	9556322	255,0,0
3	9556324	9556343	TGAATGGTTTCTCTCCAGTG	0.19237	-	9556323	9556343	255,0,0
#	CCACACTGAGTACATTTGAA	TGG	803.25	[3, 186, 2224, 1210]
3	9556340	9556359	CCACACTGAGTACATTTGAA	0.06038	-	9556339	9556359	255,0,0
#	GTTGATTAAGGGATGATGAT	TGG	522.75	[80, 387, 659, 676]
3	9556375	9556394	GTTGATTAAGGGATGATGAT	0.19026	-	9556374	9556394	255,0,0
#	GATCATCATGTGTTGATTAA	GGG	314.875	[22, 205, 582, 359]
3	9556386	9556405	GATCATCATGTGTTGATTAA	0.27643	-	9556385	9556405	255,0,0
#	GGATCATCATGTGTTGATTA	AGG	1069.875	[141, 691, 1790, 1087]
3	9556387	9556406	GGATCATCATGTGTTGATTA	0.253	-	9556386	9556406	255,0,0
3	9556408	9556427	TGAATGGTTTCTCTCCAGTG	0.19237	-	9556407	9556427	255,0,0
#	CCACACTTAGGGCATGTGAA	TGG	815.75	[13, 162, 2115, 1544]
3	9556424	9556443	CCACACTTAGGGCATGTGAA	0.16973	-	9556423	9556443	255,0,0
#	TGAAACTCTTCCCACACTTA	GGG	135.75	[20, 129, 165, 80]
3	9556435	9556454	TGAAACTCTTCCCACACTTA	0.43725	-	9556434	9556454	255,0,0
#	CTGAAACTCTTCCCACACTT	AGG	84.5	[9, 90, 122, 0]
3	9556436	9556455	CTGAAACTCTTCCCACACTT	0.25898	-	9556435	9556455	255,0,0
#	GATCATCATGTGTTCATTAA	GGG	173.625	[10, 65, 351, 347]
3	9556470	9556489	GATCATCATGTGTTCATTAA	0.27367	-	9556469	9556489	255,0,0
#	GGATCATCATGTGTTCATTA	AGG	734.875	[49, 433, 1201, 1353]
3	9556471	9556490	GGATCATCATGTGTTCATTA	0.23117	-	9556470	9556490	255,0,0
#	CTAATGGTTTCTCTCCGGTG	TGG	450.25	[3, 0, 217, 3144]
3	9556492	9556511	CTAATGGTTTCTCTCCGGTG	0.22623	-	9556491	9556511	255,0,0
#	CGAGCCTAATGGTTTCTCTC	CGG	3.0	[3, 0, 0, 0]
3	9556497	9556516	CGAGCCTAATGGTTTCTCTC	0.3048	-	9556496	9556516	255,0,0
## ENSDARE00001069778 924 1 0 ##
## ENSDARE00000936202 289 1 0 ##
#	CATCCCTTAATAAACACATG	AGG	493.25	[57, 366, 708, 610]
3	9563869	9563888	CATCCCTTAATAAACACATG	0.2237	+	9563868	9563888	255,0,0
3	9563880	9563899	AAACACATGAGGATCCACAC	0.42803	+	9563879	9563899	255,0,0
3	9563910	9563929	CCATTCACATGCACTCAGTG	0.24046	+	9563909	9563929	255,0,0
3	9563911	9563930	CATTCACATGCACTCAGTGT	0.24025	+	9563910	9563930	255,0,0
#	CATCCCTTAAAGATCACATG	AGG	43.125	[3, 0, 37, 247]
3	9563953	9563972	CATCCCTTAAAGATCACATG	0.35996	+	9563952	9563972	255,0,0
#	GATCACATGAGGATCCACAC	TGG	869.5	[13, 154, 1951, 2334]
3	9563964	9563983	GATCACATGAGGATCCACAC	0.5085	+	9563963	9563983	255,0,0
#	CCATTTACATGCCCTAAGTG	TGG	339.0	[7, 23, 354, 1856]
3	9563994	9564013	CCATTTACATGCCCTAAGTG	0.42583	+	9563993	9564013	255,0,0
#	CATTTACATGCCCTAAGTGT	GGG	324.125	[7, 21, 357, 1739]
3	9563995	9564014	CATTTACATGCCCTAAGTGT	0.35736	+	9563994	9564014	255,0,0
3	9564037	9564056	CACACCTTAATCACCACATG	0.47499	+	9564036	9564056	255,0,0
3	9564048	9564067	CACCACATGAGGATCCACAC	0.55135	+	9564047	9564067	255,0,0
#	CACACTTAGGGCATGTGAAT	AGG	5.5	[2, 0, 13, 2]
3	9563828	9563847	CACACTTAGGGCATGTGAAT	0.41809	-	9563827	9563847	255,0,0
#	TGAAACTCATCTCACACTTA	GGG	26.375	[5, 0, 21, 129]
3	9563840	9563859	TGAAACTCATCTCACACTTA	0.51034	-	9563839	9563859	255,0,0
#	CTGAAACTCATCTCACACTT	AGG	17.625	[5, 0, 11, 79]
3	9563841	9563860	CTGAAACTCATCTCACACTT	0.22203	-	9563840	9563860	255,0,0
#	GTTTATTAAGGGATGATGAT	TGG	428.375	[47, 259, 634, 747]
3	9563864	9563883	GTTTATTAAGGGATGATGAT	0.19026	-	9563863	9563883	255,0,0
#	GATCCTCATGTGTTTATTAA	GGG	354.5	[71, 256, 549, 146]
3	9563875	9563894	GATCCTCATGTGTTTATTAA	0.23793	-	9563874	9563894	255,0,0
#	GGATCCTCATGTGTTTATTA	AGG	1132.5	[212, 758, 1798, 736]
3	9563876	9563895	GGATCCTCATGTGTTTATTA	0.21304	-	9563875	9563895	255,0,0
3	9563897	9563916	TGAATGGTTTCTCTCCAGTG	0.19237	-	9563896	9563916	255,0,0
3	9563913	9563932	CCACACTGAGTGCATGTGAA	0.16973	-	9563912	9563932	255,0,0
#	GATCTTTAAGGGATGATGTT	TGG	3.75	[3, 0, 3, 0]
3	9563948	9563967	GATCTTTAAGGGATGATGTT	0.14503	-	9563947	9563967	255,0,0
#	GATCCTCATGTGATCTTTAA	GGG	23.625	[3, 0, 36, 93]
3	9563959	9563978	GATCCTCATGTGATCTTTAA	0.17744	-	9563958	9563978	255,0,0
#	GGATCCTCATGTGATCTTTA	AGG	127.5	[3, 6, 145, 682]
3	9563960	9563979	GGATCCTCATGTGATCTTTA	0.2622	-	9563959	9563979	255,0,0
3	9563981	9564000	TAAATGGTTTCTCTCCAGTG	0.23879	-	9563980	9564000	255,0,0
#	CCACACTTAGGGCATGTAAA	TGG	407.5	[7, 23, 380, 2352]
3	9563997	9564016	CCACACTTAGGGCATGTAAA	0.42215	-	9563996	9564016	255,0,0
3	9564008	9564027	TGAAACTCTTCCCACACTTA	0.43725	-	9564007	9564027	255,0,0
#	TTGAAACTCTTCCCACACTT	AGG	51.25	[8, 24, 125, 0]
3	9564009	9564028	TTGAAACTCTTCCCACACTT	0.25898	-	9564008	9564028	255,0,0
#	GGTGATTAAGGTGTGATGAT	TGG	269.875	[18, 147, 466, 495]
3	9564032	9564051	GGTGATTAAGGTGTGATGAT	0.08711	-	9564031	9564051	255,0,0
3	9564044	9564063	GGATCCTCATGTGGTGATTA	0.27888	-	9564043	9564063	255,0,0
3	9564053	9564072	CTCCAGTGTGGATCCTCATG	0.28508	-	9564052	9564072	255,0,0
3	9564065	9564084	TAAATGGTTTCTCTCCAGTG	0.23879	-	9564064	9564084	255,0,0
#	CCACACTGAGTTTAAGTAAA	TGG	103.375	[3, 0, 196, 411]
3	9564081	9564100	CCACACTGAGTTTAAGTAAA	0.22781	-	9564080	9564100	255,0,0
## ENSDARE00001070032 67 1 0 ##
#	GTTTATTAAGGGATGATGGT	CGG	121.5	[4, 55, 322, 76]
3	9564116	9564135	GTTTATTAAGGGATGATGGT	0.18682	-	9564115	9564135	255,0,0
#	ATGTGTTTATTAAGGGATGA	TGG	15.125	[5, 10, 20, 1]
3	9564120	9564139	ATGTGTTTATTAAGGGATGA	0.36861	-	9564119	9564139	255,0,0
#	GATCTTCATGTGTTTATTAA	GGG	201.625	[8, 130, 378, 273]
3	9564127	9564146	GATCTTCATGTGTTTATTAA	0.23778	-	9564126	9564146	255,0,0
#	GGATCTTCATGTGTTTATTA	AGG	836.0	[57, 578, 1205, 1510]
3	9564128	9564147	GGATCTTCATGTGTTTATTA	0.16691	-	9564127	9564147	255,0,0
## ENSDARE00000958885 103 1 0 ##
#	AGTGTTCACAGTGCAGTAAG	AGG	65.0	[34, 51, 22, 0]
3	9564254	9564273	AGTGTTCACAGTGCAGTAAG	0.14685	+	9564253	9564273	255,0,0
#	AAACCCTGAAAACACATGAG	AGG	63.75	[10, 62, 55, 72]
3	9564290	9564309	AAACCCTGAAAACACATGAG	0.08211	+	9564289	9564309	255,0,0
#	ACACATGAGAGGATTCACAC	TGG	307.75	[105, 182, 323, 248]
3	9564301	9564320	ACACATGAGAGGATTCACAC	0.27481	+	9564300	9564320	255,0,0
#	CATGAGAGGATTCACACTGG	AGG	8.75	[6, 4, 3, 0]
3	9564304	9564323	CATGAGAGGATTCACACTGG	0.46588	+	9564303	9564323	255,0,0
#	AATCCTCTCATGTGTTTTCA	GGG	86.625	[64, 24, 41, 3]
3	9564296	9564315	AATCCTCTCATGTGTTTTCA	0.11403	-	9564295	9564315	255,0,0
#	GAATCCTCTCATGTGTTTTC	AGG	176.375	[90, 97, 124, 55]
3	9564297	9564316	GAATCCTCTCATGTGTTTTC	0.40846	-	9564296	9564316	255,0,0
## ENSDARE00000912543 61 1 0 ##
#	GCTTAGATAAAAGAAATTCT	TGG	5.25	[5, 0, 1, 0]
3	9564844	9564863	GCTTAGATAAAAGAAATTCT	0.18378	+	9564843	9564863	255,0,0
#	TCTTCATGTCTTAATTTGTA	TGG	5.0	[5, 0, 0, 0]
3	9564875	9564894	TCTTCATGTCTTAATTTGTA	0.13748	-	9564874	9564894	255,0,0
